 627 0 0  621  216  382 1  400  641 1 1 0
 594 1 1 2484  121 1193 2  500  740 0 0 1
 796 0 1  108   59  134 3  640  740 1 1 0
 822 1 0 5034  541 2582 2  740  740 0 1 0
 827 0 1 1691  437  776 1  641  399 1 0 1
 636 0 0 4210  340 4046 0  741  401 0 1 1
 779 1 0 4175   94 5280 1  739  499 0 1 1
 656 0 0  892  409 4552 1  399  639 0 1 1
 670 1 1 1329  428 5569 1  399  740 1 1 1
 774 1 1  551  433 2572 1  740  639 0 0 1
 934 1 1 2743  366 5463 2  739  399 0 1 1
 826 0 0 3619  369 2109 1  741  639 0 1 1
 956 0 1 3698   70  717 3  399  499 1 0 1
 824 1 1 1917   99  850 3  739  739 0 0 1
 983 1 1 4732   69 1731 2  640  739 1 0 1
 880 0 1  412  407  936 1  401  739 1 0 1
 698 0 0  990  464 5856 3  640  501 1 0 0
 974 0 0 1091  325   69 3  501  741 1 0 0
 921 1 0 2049  162 1259 3  401  641 1 0 1
 816 1 1 5118  231 4376 1  500  499 0 1 1
 772 1 1 2007  377  416 1  401  639 1 0 1
 931 1 0 5113   72 3242 3  400  639 1 1 0
 724 0 1 1495  597 5243 0  640  500 1 1 0
 719 0 0 5273  196 3585 1  740  740 1 1 1
 886 0 0 2059  459  274 1  401  641 1 1 1
 860 1 1  602  331 5657 3  639  740 1 1 0
 924 0 0 1568   86  533 0  739  499 1 1 0
 574 1 0  317  311 2079 1  400  400 1 1 0
 740 1 1  972  312 3512 3  501  740 0 0 0
 608 1 1 3093  528 5892 1  400  400 0 1 0
597 -1 0 -1 577 0 0 605 931 0 2 0
925 1 1 557 349 608 3 994 880 0 2 1
652 1 1 638 609 620 1 726 0 0 2 0
654 1 1 912 496 465 0 587 495 0 2 1
760 1 1 753 595 619 0 679 630 0 2 0
837 1 1 711 452 726 2 593 506 2 2 1
0 0 1 60 432 738 3 863 852 0 2 1
0 1 0 692 465 646 3 872 825 2 2 1
601 1 0 672 0 660 3 577 545 0 2 3
1119 1 1 586 386 221 2 830 979 0 2 0
-1 1 0 655 565 658 0 858 870 0 2 0
0 1 0 634 577 673 2 527 635 0 2 0
1173 1 0 5952 576 657 0 292 741 2 1 1
-1 1 0 706 291 643 1 644 564 0 2 0
850 1 0 187 443 542 0 410 407 4 2 0
911 1 0 527 516 541 0 0 465 2 1 0
753 1 1 620 583 650 1 826 779 2 1 0
1119 0 0 749 332 696 1 533 526 1 2 0
1032 1 0 5936 652 0 2 893 920 0 2 0
692 0 1 650 353 2 3 408 435 1 2 1
0 1 -1 0 388 737 3 0 470 0 2 1
 653 1 0 3203  448 1267 0  541  641 1 0 0
 604 1 0 1086  496 2248 0  721  400 1 0 1
 700 1 1 275 415 1 0 795 796 1 2 0
 1062 1 0 1941 545 582 2 772 880 1 2 0
 1058 1 0 2597  274 3253 0  399  400 0 0 1
 1058 1 0 2597  174 3253 0  399  400 0 0 1
 604 1 0 1111  196 8248 0  721  400 1 0 1
 604 1 0 911  196 8248 0  721  400 0 0 0
1058 1 0 597  174 3253 0  399  400 1 0 1
718 1 0 717  34 1153 0  229  126 1 0 1
1558 1 0 697  174 7253 2  729  640  0 0 1
734 1 0 533 30 545 3 765 621 1 1 1
634 1 1 633 200 535 1 565 795 0 1 1
634 1 0 533 30 545 3 65 165 1 0 1
1034 1 0 533 400 645 3 265 465 0 0 1
634 1 0 633 200 535 0 265 795 1 0 1
634 1 0 633 300 535 0 665 795 0 0 1
634 1 1 633 300 535 0 665 795 0 1 1
634 1 0 233 500 335 3 845 740 1 0 0
634 1 0 433 500 334 0 445 550 1 0 1
934 1 0 433 400 433 3 445 350 1 0 1
601 1 0 502 100 602 0 500 400 1 0 0
901 1 1 502 200 503 1 401 500 0 1 1
901 1 0 502 200 650 3 801 740 0 0 0
602 1 0 400 601 300 0 800 400 0 0 0
602 0 1 400 601 300 3 800 400 0 0 1
901 1 1 502 200 503 0 301 400 0 1 0
901 1 1 502 200 503 0 301 400 0 1 1
901 1 1 502 200 650 3 201 740 0 1 0
901 1 0 502 200 403 1 401 500 0 0 1
675 1 0 300 599 424 3 900 740 0 0 1
675 1 1 300 0 424 3 900 740 0 1 0
65 0 1 300 0 424 5 600 500 1 1 1
765 1 0 300 500 424 3 400 500 1 1 1
718 1 0 717 34 1153 1 429 326 0 0 0
765 1 0 500 400 424 5 400 500 0 0 1
65 0 0 300 0 424 2 600 500 1 1 1
765 1 0 300 300 424 0 400 500 1 0 1
610 1 0 400 400 200 3 300 400 1 1 0
610 1 0 400 0 200 1 300 400 0 1 0
665 1 1 500 500 624 3 600 600 0 1 0
 576 0 1 3469  183  381 2  641  501 1 0 1
 992 1 0 3342   23 4657 1  640  741 0 0 0
 892 0 1 2009   40 1011 1  641  740 1 1 0
 963 0 0 5985  377  994 3  400  499 0 1 1
 764 0 1 2969  491 2466 0  639  501 0 1 1
 588 1 0 3362   93 1315 3  741  639 1 0 1
 783 1 0 4006  586 1219 0  501  740 0 1 1
 935 0 0  121  179 2414 0  501  639 1 0 1
 775 1 1 2961  373 5279 3  640  499 0 1 0
 562 0 0 1642   19  895 2  400  739 0 0 1
 610 0 1  282  158   14 3  500  499 1 1 0
 871 0 1 4564  133  362 1  499  400 0 0 0
 950 1 1 1309    2 5510 3  740  639 1 0 0
 833 1 1  927  145 2642 2  641  501 1 0 1
 804 0 1 1933  194 1176 0  640  639 1 0 0
 690 0 0  173  231  681 1  499  741 1 1 1
 685 1 1 4828  116  410 2  501  500 1 1 0
 716 0 0 1318   76   54 2  400  640 1 1 1
 922 0 0 5533  587 5628 1  640  499 0 0 0
 807 1 1 3747  344 2226 1  641  401 0 0 1
 779 1 1 5328  619 4294 0  501  399 0 1 1
 890 0 1 4178  598 5835 2  741  401 1 0 1
 705 0 0 3770  607  499 1  401  399 0 0 0
 625 1 1 3344  560 3343 1  501  499 1 1 0
 817 1 0  973  245 3280 3  740  640 1 0 1
 622 1 0 4421  180 1996 2  639  640 0 1 0
 654 1 1 2133  113  442 3  641  741 0 0 0
 712 1 1 2545  341 4146 0  641  740 1 0 0
 829 1 0 4012  389  818 1  401  400 0 1 1
 660 0 1 3874   28  726 1  400  401 1 1 0
 833 0 0  678  405  963 2  400  739 1 0 1
 690 0 0  404  384  908 0  500  740 0 0 1
 879 0 1  553  347 2553 1  639  400 0 0 1
 550 1 1  489  113 1317 1  640  399 1 0 1
 700 0 1 1300  580 3798 2  639  741 1 1 0
 659 1 0  781   18  271 3  399  499 1 0 1
 838 0 0 5849  266 1016 2  401  500 0 0 0
 686 0 0 1705  525 5369 1  641  401 0 1 0
 738 0 1  573  548  268 3  499  741 1 1 0
 762 0 0 1874  205 4933 3  399  641 1 0 1
1000 1 0  177  288 5884 3  401  640 0 0 1
 776 0 1  798  308 3693 0  400  741 0 0 0
 813 0 0 1259   55  662 1  399  501 0 1 1
 538 0 0  186  548 2387 0  739  639 0 0 0
 856 0 1 4927  182 3316 0  741  740 0 0 1
 898 1 0 2193   11 2865 2  741  641 0 1 1
 563 1 1 4688  587  773 3  640  639 0 0 0
 661 1 1 1802  117 1355 3  400  499 0 1 0
 710 1 1 5993  315  239 1  641  401 0 1 1
 865 0 1  796  147  444 0  499  400 1 1 1
 809 0 0  108  413  343 3  401  399 1 0 1
 523 1 0 5002  473  909 3  499  501 0 0 0
 986 1 1 1534  145 2736 3  641  401 0 0 0
 960 0 1 5487  575 2958 0  400  500 1 0 1
 937 1 1 5273  326  878 1  640  641 1 1 1
 932 1 1 3456  557  571 2  640  400 0 0 0
 548 1 1 2625  249 1679 0  641  501 1 1 1
 763 0 0  907  444 1881 0  741  399 0 0 1
 955 0 1 1836  542 3698 3  500  401 1 0 0
 564 0 0  417  556 3138 0  741  639 1 0 0
 577 1 1 2046  389  495 0  740  501 0 1 1
 900 1 0 3346  507  663 2  640  639 0 0 1
 995 0 1 3499   70 1262 1  640  399 0 0 0
 785 0 1 2802  447 2187 1  400  740 1 1 1
 928 1 1  380  232 5117 1  740  499 0 0 0
 995 0 0 2133  218  905 1  501  501 0 0 1
 958 0 0 1971  138 4932 2  400  640 0 0 1
 734 0 0 2049  280 5472 0  399  499 0 0 0
 578 1 0 1170  526 4785 1  399  741 1 0 1
 867 1 1 1211  581  153 2  640  641 1 1 1
 745 0 1  730  516  245 1  641  399 1 1 0
 540 1 0  672  233    7 0  641  399 1 0 0
 695 0 1   55  100 2038 1  499  401 0 0 0
 794 1 1  562  577 2901 2  499  401 0 0 1
 680 0 0  505   44  186 1  739  741 0 1 0
 782 1 1  513  224 5295 0  641  639 0 1 0
 714 1 1 1027  537  387 3  739  400 1 1 1
 914 1 1 4924  384 5869 3  740  741 0 0 1
 721 1 0 4129  379 2370 3  500  741 1 1 1
 831 1 0 4955    8 4715 0  500  399 0 0 0
 623 0 1 4856  546  420 3  500  501 0 1 1
 655 1 1 4095  265 3490 2  739  499 1 1 0
 869 0 0 5624   18  702 2  500  641 1 0 1
 524 0 0 2495  396  506 3  740  640 0 1 0
 627 1 0  151  446 1983 3  401  500 0 1 1
640 0 0 569 400 586 1 1012 1037 0 1 1
1174 1 0 586 373 559 2 259 351 0 2 0
684 1 1 522 426 478 0 848 496 0 2 1
1108 1 1 583 449 601 1 712 725 0 2 1
1081 1 0 675 428 638 0 917 920 0 2 1
1207 1 1 591 996 658 1 556 0 0 1 1
895 1 1 -1 403 718 2 694 708 0 2 1
1027 1 1 -100 369 599 1 737 708 0 2 0
837 1 0 691 396 0 0 949 942 0 1 0
589 0 1 584 798 567 2 957 925 0 2 0
934 1 0 5216 458 972 1 539 464 0 2 1
812 1 0 663 336 587 0 518 20 0 2 0
1022 1 1 554 320 598 2 914 494 2 1 0
808 1 0 581 492 448 2 452 0 0 2 1
847 1 1 1325 360 668 2 817 803 0 1 1
964 1 1 2672 326 714 2 18 609 2 2 1
1058 1 0 707 0 703 0 901 906 0 2 0
1109 1 1 557 344 639 0 370 -100 0 2 1
811 1 0 691 350 0 0 619 0 0 2 0
1096 1 0 714 496 682 1 944 908 0 1 0
1159 0 1 672 298 178 2 468 0 0 2 0
1143 0 0 604 365 0 1 451 458 0 2 1
-1 1 1 604 607 622 0 0 0 0 2 0
1175 1 0 619 491 684 1 693 60 2 1 1
-1 0 1 593 447 655 1 366 314 0 1 1
1051 1 0 618 294 236 1 230 872 0 1 0
232 1 1 583 513 601 0 0 928 1 2 1
661 0 0 544 598 0 1 573 566 0 2 0
784 1 0 0 365 732 0 611 624 2 2 1
1155 1 0 603 349 514 3 816 863 1 2 0
909 1 0 575 444 -100 1 523 981 0 2 0
780 0 1 669 562 387 1 0 951 0 2 1
697 1 0 728 614 725 1 173 131 1 2 0
1004 1 0 0 393 597 1 450 743 0 2 0
1169 1 0 616 922 690 3 0 784 0 2 0
1105 0 0 584 450 293 1 755 638 0 1 1
825 1 1 783 329 499 3 931 914 1 2 1
880 1 1 651 496 696 2 716 283 0 1 1
990 1 1 9671 622 173 2 0 766 0 2 1
594 1 1 770 455 751 0 610 -1 0 2 0
1057 1 0 0 379 614 0 812 799 0 2 -1
795 1 1 1372 334 686 3 559 381 0 2 1
681 1 0 1904 340 904 3 344 360 0 2 0
832 1 0 9715 387 665 1 899 800 0 2 1
1098 1 1 664 607 0 -1 580 162 0 2 0
683 1 1 8310 300 0 1 0 0 0 1 1
675 -1 0 656 506 655 0 564 590 0 2 0
1195 1 0 0 460 666 3 509 492 0 2 0
608 1 1 685 588 718 3 17 883 0 1 1
930 1 0 642 311 0 3 0 699 0 1 1
915 0 0 721 613 784 2 330 356 2 1 0
816 1 0 706 496 737 1 917 908 -1 2 0
833 0 1 648 385 621 0 446 0 0 2 1
693 0 1 639 352 609 1 470 793 0 2 0
834 1 0 638 378 0 2 0 842 0 2 1
-1 1 0 631 461 0 0 645 604 0 2 1
0 0 1 6241 380 757 3 0 890 0 2 0
1132 1 0 0 607 565 1 351 593 2 2 1
813 1 1 694 381 722 0 357 0 0 2 1
633 0 0 636 533 661 0 573 553 2 1 1
-1 1 0 538 409 0 2 474 479 2 2 0
627 0 0 697 398 828 -1 915 919 0 2 1
892 1 1 1424 630 0 3 550 586 0 2 3
741 1 0 5872 449 649 2 0 -1 2 2 0
1009 1 1 606 320 530 2 0 0 0 2 1
989 1 1 714 693 746 2 960 903 0 2 9
674 1 0 679 472 655 3 523 -1 1 1 1
987 0 1 740 67 735 3 330 326 0 2 1
852 1 0 694 586 708 1 -100 621 0 2 1
1002 1 0 706 306 668 2 0 -100 0 2 1
925 1 -1 650 432 655 0 859 891 0 2 0
1162 1 1 1025 344 631 3 453 466 0 2 4
777 1 0 646 616 628 2 904 0 0 1 1
0 1 0 552 382 612 1 0 754 0 2 1
1146 0 0 0 550 530 2 899 857 0 1 0
1165 1 0 592 -1 605 0 0 596 0 2 1
974 1 0 611 978 521 3 0 962 2 1 0
1084 1 1 704 538 707 2 0 -1 0 2 0
903 1 1 577 396 -100 2 314 515 0 2 0
1034 1 0 642 397 581 1 445 -1 0 1 0
757 1 0 0 527 205 3 698 750 2 2 0
721 1 0 690 438 613 2 0 991 0 2 1
590 1 0 610 325 417 1 578 287 0 2 0
604 1 0 652 354 0 2 371 323 2 2 1
1151 1 0 578 611 0 0 331 378 0 1 1
886 0 0 5515 447 700 3 478 597 0 2 0
1107 1 1 665 853 701 0 653 892 1 2 1
826 1 0 655 326 577 0 0 425 1 2 0
1084 1 1 703 387 726 3 384 0 1 2 1
1185 1 1 595 0 534 1 560 0 0 2 1
665 1 1 585 445 533 0 209 848 0 2 1
1189 1 1 753 620 761 2 0 185 0 1 0
0 1 0 7119 153 556 2 836 841 1 1 1
1006 0 -1 8234 374 598 1 811 514 0 2 0
638 0 1 545 325 589 1 900 798 0 2 0
-100 0 1 3803 419 630 3 -1 437 0 2 1
698 1 0 3071 59 307 0 849 904 0 2 0
939 1 1 532 534 -100 2 335 971 1 2 1
 722 1 1 1415  245  316 0  401  739 0 0 0
 786 1 1  383  548 5870 0  639  399 1 0 1
 638 1 0 2278  156 3757 0  650  399 1 0 1
 867 1 1 1774  101 2204 0  499  499 1 0 1
 958 1 1 2297  574 4253 0  399  400 0 0 1
 635 1 0 1142  411 4704 1  740  500 0 0 1
 775 1 1 1142  411 1504 1  540  500 1 0 1
 775 1 1 942  311 1504 1  540  500 1 0 1
 644 1 0 1986  596 2448 0  741  400 1 0 1
 644 1 0 1786  596 2448 0  741  400 1 0 1
 958 1 0 2597  574 4253 0  379  400 1 0 1
 958 1 0 2597  474 3253 0  379  400 1 0 1
 939 1 1 532 434 0 2 335 971 1 2 1
 839 1 0 532 234 0 2 335 971 1 2 1
 820 1 1 561 0 599 2 993 817 1 2 0
 755 1 0 749 387 139 2 477 850 1 2 1
 798 1 1 2071 49 307 0 849 904 1 2 0
 700 1 1 575 415 1 0 795 796 1 2 0
 1062 1 0 1941 545 582 2 772 780 1 2 0
 1062 1 1 1941 545 582 2 772 780 1 2 0
 935 1 0 3528 288 0 0 853 956 0 2 0
 935 1 1 3528 288 0 0 853 956 1 2 0
 757 1 0 692 581 640 1 840 841 0 2 0
 757 1 1 692 481 640 2 840 841 1 2 0
 913 1 0 661 0 255 3 0 368 0 2 0
 913 1 0 661 0 255 3 1 368 0 2 0
 913 1 0 661 0 255 3 100 368 0 2 0
 713 1 0 661 0 255 3 100 368 0 2 0
 713 1 0 661 0 255 3 100 368 1 2 0
 1058 1 1 2597  574 4253 0  399  400 0 0 1
 1058 1 1 2597  274 3253 0  399  400 0 0 1
 775 1 1 642  211 5204 1  540  500 1 0 1
 605 1 0 1142  511 4704 1  740  500 0 0 1
 604 1 0 1086  196 8248 0  721  400 1 0 1
1058 1 0 1597  174 3253 0  399  400 1 0 1
918 1 0 917  64 2253 0  399  120 1 0 1
918 1 0 917  64 1153 0  299  126 1 0 1
1058 1 0 997  174 7253 0  399  400 0 0 1
1558 1 0 697  174 7253 2  729  640  1 0 1
1558 1 1 697  174 7253 2  729  640  1 0 1
1558 1 1 697  174 7253 3  929  740  1 0 1
934 0 0 533 30 545 3 765 621 0 0 1
734 1 1 533 30 545 3 765 621 1 1 1
934 1 0 343 30 545 0 5 121 0 0 1
934 1 0 533 30 545 0 65 421 0 0 1
934 1 0 533 30 545 1 65 165 0 0 1
934 1 0 533 30 545 3 565 621 0 0 1
634 1 0 533 30 545 1 65 165 1 0 1
1034 1 0 533 400 645 2 265 465 0 0 1
958 1 0 497  64 3253 2  399  200 1 0 1
918 1 0 917  64 1153 2  299  126 1 0 1
634 1 1 633 200 535 3 765 795 1 1 1
634 1 0 533 400 645 3 265 465 1 0 1
1034 1 0 533 400 645 3 265 465 1 0 1
1034 1 0 533 400 645 3 265 465 0 0 1
958 1 0 497  64 3253 3  399  200 1 0 1
718 1 0 717  64 1153 3  299  126 1 0 1
634 1 0 233 500 335 3 845 740 1 0 1
634 1 1 233 500 335 3 845 740 0 1 1
634 1 1 233 100 335 0 845 400 0 1 1
634 1 1 233 100 335 0 445 400 0 1 1
634 1 1 233 400 335 0 445 400 0 1 1
634 1 1 433 200 634 0 345 500 0 1 1
634 1 0 433 300 634 0 345 450 1 0 1
634 1 0 633 200 535 2 265 795 1 0 1
634 1 1 633 300 535 2 665 795 0 1 1
634 1 1 633 100 535 2 665 795 0 1 0
634 1 1 433 500 234 0 445 550 0 1 1
634 1 0 433 500 234 0 445 550 1 0 1
634 1 0 633 200 535 3 265 795 1 0 1
634 1 1 633 100 535 3 665 795 0 1 0
634 1 0 433 500 334 0 445 350 1 0 1
634 1 1 433 500 334 0 445 350 0 1 1
634 1 0 633 200 535 1 565 795 1 0 1
634 1 0 633 500 535 1 665 795 1 0 0
634 1 0 633 500 335 1 665 795 1 0 0
901 1 1 502 200 650 2 701 640 0 1 0
901 1 1 502 200 650 3 801 740 0 1 0
901 1 0 502 200 503 1 401 500 0 0 1
901 1 0 502 200 503 1 401 500 0 0 0
599 0 0 400 100 300 0 800 400 0 0 0
599 1 0 400 601 300 0 800 400 0 0 0
602 1 0 400 601 300 0 800 400 0 1 0
602 1 0 400 601 300 0 800 400 1 1 0
602 1 1 400 601 300 3 800 400 1 0 1
602 0 1 400 601 300 3 800 400 1 1 0
901 1 1 502 200 602 0 299 400 0 1 0
901 1 0 502 200 650 3 601 740 0 0 0
601 1 0 502 100 402 0 500 400 1 0 0
901 1 0 502 200 402 0 599 400 0 0 0
901 1 1 502 200 403 0 401 400 0 1 0
901 1 1 502 200 303 1 401 500 0 1 1
901 1 1 502 200 203 1 401 500 0 1 0
901 1 0 502 200 450 2 701 640 0 0 0
901 1 0 502 200 350 3 801 740 0 0 0
675 1 0 300 599 424 2 800 640 0 0 1
675 1 1 300 0 424 3 900 740 0 1 1
675 1 0 300 0 424 5 600 500 1 1 0
675 1 0 300 0 424 5 600 500 1 1 1
65 0 0 300 0 424 5 600 500 1 1 1
718 1 1 717 34 1153 3 229 126 0 1 0
718 1 0 717 34 1153 2 429 326 0 0 0
65 0 1 300 700 424 2 600 500 1 1 1
765 1 0 500 400 424 2 600 500 0 0 0
700 1 1 400 200 500 1 100 200 1 0 0
700 1 1 400 300 600 3 100 500 1 0 0
700 1 0 400 400 600 2 100 500 0 0 0
700 1 0 400 400 600 2 100 500 0 1 0
700 1 1 400 300 600 2 100 500 0 1 1
700 1 1 400 300 600 2 100 300 1 1 1
700 1 0 400 400 600 2 100 600 0 0 0
610 1 0 400 400 200 2 300 400 1 1 1
610 1 0 400 400 200 3 300 400 1 1 1
765 1 0 500 400 424 2 600 500 0 0 0
675 1 1 300 0 424 2 600 500 0 1 1
675 1 1 300 0 424 3 600 500 0 1 1
675 1 1 300 0 424 0 600 500 0 1 1
675 1 1 300 0 424 0 600 300 0 1 0
611 1 0 1142 511 4704 1 740 500 1 1 0
611 1 0 1142 511 4704 2 740 500 0 1 1
634 1 1 633 500 335 2 665 795 1 0 1
634 1 1 633 500 335 3 665 795 0 1 1
500 0 1 300 0 424 2 600 500 0 0 0
500 0 1 300 0 424 2 600 500 1 1 1
700 0 1 300 80 424 2 600 500 0 0 0
1 581 567 655 0 637 906 0 1 1
655 0 637 906 0 1 1
1
1078 1 1 655 0 637 906 0 1 1
1078 1 1 637 906 0 1 1
1078 1 1 581 637 906 0 1 1
1078 1 1 581 567 655 0 906 0 1 1
1078 1 1 581 567 655 0 1
1078 1 655 0 906 0 1 1
